HH0    540901.60 6601070.74 21.4272 -30.7225
HH1    540916.20 6601070.74 21.4274 -30.7225
HH2    540930.80 6601070.74 21.4275 -30.7225
HH3    540945.40 6601070.74 21.4277 -30.7225
HH4    540960.00 6601070.74 21.4278 -30.7225
HH5    540974.60 6601070.74 21.4280 -30.7225
HH6    540989.20 6601070.74 21.4281 -30.7225
HH7    541003.80 6601070.74 21.4283 -30.7225
HH8    541018.40 6601070.74 21.4284 -30.7225
HH9    541033.00 6601070.74 21.4286 -30.7225
HH10   541047.60 6601070.74 21.4287 -30.7225
HH11   540894.30 6601083.38 21.4271 -30.7224
HH12   540908.90 6601083.38 21.4273 -30.7224
HH13   540923.50 6601083.38 21.4274 -30.7224
HH14   540938.10 6601083.38 21.4276 -30.7224
HH15   540952.70 6601083.38 21.4277 -30.7224
HH16   540967.30 6601083.38 21.4279 -30.7224
HH17   540981.90 6601083.38 21.4280 -30.7224
HH18   540996.50 6601083.38 21.4282 -30.7224
HH19   541011.10 6601083.38 21.4284 -30.7224
HH20   541025.70 6601083.38 21.4285 -30.7224
HH21   541040.30 6601083.38 21.4287 -30.7224
HH22   541062.20 6601079.17 21.4289 -30.7224
HH23   540887.00 6601096.03 21.4271 -30.7223
HH24   540901.60 6601096.03 21.4272 -30.7223
HH25   540916.20 6601096.03 21.4274 -30.7223
HH26   540930.80 6601096.03 21.4275 -30.7223
HH27   540945.40 6601096.03 21.4277 -30.7223
HH28   540960.00 6601096.03 21.4278 -30.7223
HH29   540974.60 6601096.03 21.4280 -30.7223
HH30   540989.20 6601096.03 21.4281 -30.7223
HH31   541003.80 6601096.03 21.4283 -30.7223
HH32   541018.40 6601096.03 21.4284 -30.7223
HH33   541033.00 6601096.03 21.4286 -30.7223
HH34   541054.90 6601091.81 21.4288 -30.7223
HH36   540879.70 6601108.67 21.4270 -30.7222
HH37   540894.30 6601108.67 21.4271 -30.7222
HH38   540908.90 6601108.67 21.4273 -30.7222
HH39   540923.50 6601108.67 21.4274 -30.7222
HH40   540938.10 6601108.67 21.4276 -30.7222
HH41   540952.70 6601108.67 21.4277 -30.7222
HH42   540967.30 6601108.67 21.4279 -30.7222
HH43   540981.90 6601108.67 21.4280 -30.7222
HH44   540996.50 6601108.67 21.4282 -30.7222
HH45   541011.10 6601108.67 21.4283 -30.7222
HH46   541025.70 6601108.67 21.4285 -30.7222
HH47   541047.60 6601104.46 21.4287 -30.7222
HH50   540872.40 6601121.32 21.4269 -30.7221
HH51   540887.00 6601121.32 21.4271 -30.7221
HH52   540901.60 6601121.32 21.4272 -30.7221
HH53   540916.20 6601121.32 21.4274 -30.7221
HH54   540930.80 6601121.32 21.4275 -30.7221
HH55   540945.40 6601121.32 21.4277 -30.7221
HH56   540960.00 6601121.32 21.4278 -30.7221
HH57   540974.60 6601121.32 21.4280 -30.7221
HH58   540989.20 6601121.32 21.4281 -30.7221
HH59   541003.80 6601121.32 21.4283 -30.7221
HH60   541018.40 6601121.32 21.4284 -30.7221
HH61   541040.30 6601117.10 21.4287 -30.7221
HH62   541054.90 6601117.10 21.4288 -30.7221
HH65   540865.10 6601133.96 21.4268 -30.7220
HH66   540879.70 6601133.96 21.4270 -30.7220
HH67   540894.30 6601133.96 21.4271 -30.7220
HH68   540908.90 6601133.96 21.4273 -30.7220
HH69   540923.50 6601133.96 21.4274 -30.7220
HH70   540938.10 6601133.96 21.4276 -30.7220
HH71   540952.70 6601133.96 21.4277 -30.7220
HH72   540967.30 6601133.96 21.4279 -30.7220
HH73   540981.90 6601133.96 21.4280 -30.7220
HH74   540996.50 6601133.96 21.4282 -30.7220
HH75   541011.10 6601133.96 21.4283 -30.7220
HH76   541033.00 6601129.75 21.4286 -30.7220
HH77   541047.60 6601129.75 21.4287 -30.7220
HH78   541062.20 6601129.75 21.4289 -30.7220
HH81   540857.80 6601146.60 21.4267 -30.7218
HH82   540872.40 6601146.60 21.4269 -30.7218
HH83   540887.00 6601146.60 21.4271 -30.7218
HH84   540901.60 6601146.60 21.4272 -30.7218
HH85   540916.20 6601146.60 21.4274 -30.7218
HH86   540930.80 6601146.60 21.4275 -30.7218
HH87   540945.40 6601146.60 21.4277 -30.7218
HH88   540960.00 6601146.60 21.4278 -30.7218
HH89   540974.60 6601146.60 21.4280 -30.7218
HH90   540989.20 6601146.60 21.4281 -30.7218
HH91   541003.80 6601146.60 21.4283 -30.7218
HH92   541025.70 6601142.39 21.4285 -30.7219
HH93   541040.30 6601142.39 21.4287 -30.7219
HH94   541054.90 6601142.39 21.4288 -30.7219
HH95   541069.50 6601142.39 21.4290 -30.7219
HH98   540850.50 6601159.25 21.4267 -30.7217
HH99   540865.10 6601159.25 21.4268 -30.7217
HH100  540879.70 6601159.25 21.4270 -30.7217
HH101  540894.30 6601159.25 21.4271 -30.7217
HH102  540908.90 6601159.25 21.4273 -30.7217
HH103  540923.50 6601159.25 21.4274 -30.7217
HH104  540938.10 6601159.25 21.4276 -30.7217
HH105  540952.70 6601159.25 21.4277 -30.7217
HH106  540967.30 6601159.25 21.4279 -30.7217
HH107  540981.90 6601159.25 21.4280 -30.7217
HH108  540996.50 6601159.25 21.4282 -30.7217
HH116  540843.20 6601171.89 21.4266 -30.7216
HH117  540857.80 6601171.89 21.4267 -30.7216
HH118  540872.40 6601171.89 21.4269 -30.7216
HH119  540887.00 6601171.89 21.4271 -30.7216
HH120  540901.60 6601171.89 21.4272 -30.7216
HH121  540916.20 6601171.89 21.4274 -30.7216
HH122  540930.80 6601171.89 21.4275 -30.7216
HH123  540945.40 6601171.89 21.4277 -30.7216
HH124  540960.00 6601171.89 21.4278 -30.7216
HH125  540974.60 6601171.89 21.4280 -30.7216
HH126  540989.20 6601171.89 21.4281 -30.7216
HH136  540850.50 6601184.54 21.4267 -30.7215
HH137  540865.10 6601184.54 21.4268 -30.7215
HH138  540879.70 6601184.54 21.4270 -30.7215
HH139  540894.30 6601184.54 21.4271 -30.7215
HH140  540908.90 6601184.54 21.4273 -30.7215
HH141  540923.50 6601184.54 21.4274 -30.7215
HH142  540938.10 6601184.54 21.4276 -30.7215
HH143  540952.70 6601184.54 21.4277 -30.7215
HH144  540967.30 6601184.54 21.4279 -30.7215
HH145  540981.90 6601184.54 21.4280 -30.7215
HH155  540835.90 6601201.40 21.4265 -30.7213
HH156  540850.50 6601201.40 21.4267 -30.7213
HH157  540865.10 6601201.40 21.4268 -30.7213
HH158  540879.70 6601201.40 21.4270 -30.7213
HH159  540894.30 6601201.40 21.4271 -30.7213
HH160  540908.90 6601201.40 21.4273 -30.7213
HH161  540923.50 6601201.40 21.4274 -30.7213
HH162  540938.10 6601201.40 21.4276 -30.7213
HH163  540952.70 6601201.40 21.4277 -30.7213
HH164  540967.30 6601201.40 21.4279 -30.7213
HH165  540981.90 6601201.40 21.4280 -30.7213
HH176  540843.20 6601214.04 21.4266 -30.7212
HH177  540857.80 6601214.04 21.4267 -30.7212
HH178  540872.40 6601214.04 21.4269 -30.7212
HH179  540887.00 6601214.04 21.4270 -30.7212
HH180  540901.60 6601214.04 21.4272 -30.7212
HH181  540916.20 6601214.04 21.4274 -30.7212
HH182  540930.80 6601214.04 21.4275 -30.7212
HH183  540945.40 6601214.04 21.4277 -30.7212
HH184  540960.00 6601214.04 21.4278 -30.7212
HH185  540974.60 6601214.04 21.4280 -30.7212
HH186  540989.20 6601214.04 21.4281 -30.7212
HH196  540850.50 6601226.68 21.4267 -30.7211
HH197  540865.10 6601226.68 21.4268 -30.7211
HH198  540879.70 6601226.68 21.4270 -30.7211
HH199  540894.30 6601226.68 21.4271 -30.7211
HH200  540908.90 6601226.68 21.4273 -30.7211
HH201  540923.50 6601226.68 21.4274 -30.7211
HH202  540938.10 6601226.68 21.4276 -30.7211
HH203  540952.70 6601226.68 21.4277 -30.7211
HH204  540967.30 6601226.68 21.4279 -30.7211
HH205  540981.90 6601226.68 21.4280 -30.7211
HH206  540996.50 6601226.68 21.4282 -30.7211
HH215  540857.80 6601239.33 21.4267 -30.7210
HH216  540872.40 6601239.33 21.4269 -30.7210
HH217  540887.00 6601239.33 21.4270 -30.7210
HH218  540901.60 6601239.33 21.4272 -30.7210
HH219  540916.20 6601239.33 21.4274 -30.7210
HH220  540930.80 6601239.33 21.4275 -30.7210
HH221  540945.40 6601239.33 21.4277 -30.7210
HH222  540960.00 6601239.33 21.4278 -30.7210
HH223  540974.60 6601239.33 21.4280 -30.7210
HH224  540989.20 6601239.33 21.4281 -30.7210
HH225  541003.80 6601239.33 21.4283 -30.7210
HH233  540865.10 6601251.97 21.4268 -30.7209
HH234  540879.70 6601251.97 21.4270 -30.7209
HH235  540894.30 6601251.97 21.4271 -30.7209
HH236  540908.90 6601251.97 21.4273 -30.7209
HH237  540923.50 6601251.97 21.4274 -30.7209
HH238  540938.10 6601251.97 21.4276 -30.7209
HH239  540952.70 6601251.97 21.4277 -30.7209
HH240  540967.30 6601251.97 21.4279 -30.7209
HH241  540981.90 6601251.97 21.4280 -30.7209
HH242  540996.50 6601251.97 21.4282 -30.7209
HH243  541011.10 6601251.97 21.4283 -30.7209
HH250  540872.40 6601264.61 21.4269 -30.7208
HH251  540887.00 6601264.61 21.4270 -30.7208
HH252  540901.60 6601264.61 21.4272 -30.7208
HH253  540916.20 6601264.61 21.4274 -30.7208
HH254  540930.80 6601264.61 21.4275 -30.7208
HH255  540945.40 6601264.61 21.4277 -30.7208
HH256  540960.00 6601264.61 21.4278 -30.7208
HH257  540974.60 6601264.61 21.4280 -30.7208
HH258  540989.20 6601264.61 21.4281 -30.7208
HH259  541003.80 6601264.61 21.4283 -30.7208
HH260  541018.40 6601264.61 21.4284 -30.7208
HH266  540879.70 6601277.26 21.4270 -30.7207
HH267  540894.30 6601277.26 21.4271 -30.7207
HH281  540887.00 6601289.90 21.4270 -30.7205
HH282  540901.60 6601289.90 21.4272 -30.7205
HA330  540762.90 6601032.81 21.4258 -30.7229
HA334  540689.90 6601159.25 21.4250 -30.7217
HA338  540762.90 6601285.69 21.4258 -30.7206
