  0   1   2   3   4   5   6   7   8   9  10  11  12  13  14
 15  16  17  18  19  20  21  22  23  24  25  26  27  28  29
 30  31  32  33  34  36  37  38  39  40  41  42  43  44  45
 46  47  50  51  52  53  54  55  56  57  58  59  60  61  62
 65  66  67  68  69  70  71  72  73  74  75  76  77  78  81
 82  83  84  85  86  87  88  89  90  91  92  93  94  95  98
 99 100 101 102 103 104 105 106 107 108 116 117 118 119 120
121 122 123 124 125 126 136 137 138 139 140 141 142 143 144
145 155 156 157 158 159 160 161 162 163 164 165 176 177 178
179 180 181 182 183 184 185 186 196 197 198 199 200 201 202
203 204 205 206 215 216 217 218 219 220 221 222 223 224 225
233 234 235 236 237 238 239 240 241 242 243 250 251 252 253
254 255 256 257 258 259 260 266 267 281 282 330 334 338
